(kicad_pcb (version 20171130) (host pcbnew "(5.1.6)-1")

  (general
    (thickness 1.6)
    (drawings 12)
    (tracks 164)
    (zones 0)
    (modules 32)
    (nets 18)
  )

  (page A4)
  (layers
    (0 F.Cu signal)
    (31 B.Cu signal)
    (32 B.Adhes user)
    (33 F.Adhes user)
    (34 B.Paste user)
    (35 F.Paste user)
    (36 B.SilkS user)
    (37 F.SilkS user)
    (38 B.Mask user)
    (39 F.Mask user)
    (40 Dwgs.User user)
    (41 Cmts.User user)
    (42 Eco1.User user)
    (43 Eco2.User user)
    (44 Edge.Cuts user)
    (45 Margin user)
    (46 B.CrtYd user)
    (47 F.CrtYd user)
    (48 B.Fab user)
    (49 F.Fab user)
  )

  (setup
    (last_trace_width 0.35)
    (user_trace_width 0.35)
    (user_trace_width 0.5)
    (user_trace_width 0.8)
    (trace_clearance 0.2)
    (zone_clearance 0.508)
    (zone_45_only no)
    (trace_min 0.2)
    (via_size 0.8)
    (via_drill 0.4)
    (via_min_size 0.4)
    (via_min_drill 0.3)
    (uvia_size 0.3)
    (uvia_drill 0.1)
    (uvias_allowed no)
    (uvia_min_size 0.2)
    (uvia_min_drill 0.1)
    (edge_width 0.05)
    (segment_width 0.2)
    (pcb_text_width 0.3)
    (pcb_text_size 1.5 1.5)
    (mod_edge_width 0.12)
    (mod_text_size 1 1)
    (mod_text_width 0.15)
    (pad_size 1.524 1.524)
    (pad_drill 0.762)
    (pad_to_mask_clearance 0.05)
    (aux_axis_origin 0 0)
    (visible_elements 7FFFFFFF)
    (pcbplotparams
      (layerselection 0x010fc_ffffffff)
      (usegerberextensions false)
      (usegerberattributes false)
      (usegerberadvancedattributes false)
      (creategerberjobfile true)
      (excludeedgelayer true)
      (linewidth 0.100000)
      (plotframeref false)
      (viasonmask false)
      (mode 1)
      (useauxorigin false)
      (hpglpennumber 1)
      (hpglpenspeed 20)
      (hpglpendiameter 15.000000)
      (psnegative false)
      (psa4output false)
      (plotreference true)
      (plotvalue true)
      (plotinvisibletext false)
      (padsonsilk false)
      (subtractmaskfromsilk false)
      (outputformat 1)
      (mirror false)
      (drillshape 0)
      (scaleselection 1)
      (outputdirectory "gerb 5 and 3v3/"))
  )

  (net 0 "")
  (net 1 "Net-(C1-Pad1)")
  (net 2 GND)
  (net 3 "Net-(C2-Pad1)")
  (net 4 +5V)
  (net 5 +3V3)
  (net 6 "Net-(D1-Pad1)")
  (net 7 "Net-(D2-Pad1)")
  (net 8 "Net-(F1-Pad1)")
  (net 9 "Net-(F2-Pad1)")
  (net 10 "Net-(F3-Pad2)")
  (net 11 "Net-(F4-Pad2)")
  (net 12 "Net-(J1-Pad1)")
  (net 13 "Net-(J2-Pad1)")
  (net 14 "Net-(D1-Pad2)")
  (net 15 "Net-(D2-Pad2)")
  (net 16 "Net-(Q1-Pad2)")
  (net 17 "Net-(Q2-Pad2)")

  (net_class Default "This is the default net class."
    (clearance 0.2)
    (trace_width 0.8)
    (via_dia 0.8)
    (via_drill 0.4)
    (uvia_dia 0.3)
    (uvia_drill 0.1)
    (add_net "Net-(C2-Pad1)")
    (add_net "Net-(D1-Pad1)")
    (add_net "Net-(D1-Pad2)")
    (add_net "Net-(D2-Pad1)")
    (add_net "Net-(D2-Pad2)")
    (add_net "Net-(F1-Pad1)")
    (add_net "Net-(F2-Pad1)")
    (add_net "Net-(F3-Pad2)")
    (add_net "Net-(F4-Pad2)")
    (add_net "Net-(J1-Pad1)")
    (add_net "Net-(J2-Pad1)")
    (add_net "Net-(Q1-Pad2)")
    (add_net "Net-(Q2-Pad2)")
  )

  (net_class Power ""
    (clearance 0.2)
    (trace_width 0.85)
    (via_dia 0.8)
    (via_drill 0.4)
    (uvia_dia 0.3)
    (uvia_drill 0.1)
    (add_net +3V3)
    (add_net +5V)
    (add_net GND)
    (add_net "Net-(C1-Pad1)")
  )

  (module MountingHole:MountingHole_2.7mm_Pad_Via (layer F.Cu) (tedit 56DDBBFF) (tstamp 60D4BFD5)
    (at 148 146.5)
    (descr "Mounting Hole 2.7mm")
    (tags "mounting hole 2.7mm")
    (attr virtual)
    (fp_text reference REF** (at 0 -3.7) (layer F.SilkS)
      (effects (font (size 1 1) (thickness 0.15)))
    )
    (fp_text value MountingHole_2.7mm_Pad_Via (at 0 3.7) (layer F.Fab)
      (effects (font (size 1 1) (thickness 0.15)))
    )
    (fp_circle (center 0 0) (end 2.7 0) (layer Cmts.User) (width 0.15))
    (fp_circle (center 0 0) (end 2.95 0) (layer F.CrtYd) (width 0.05))
    (fp_text user %R (at 0.3 0) (layer F.Fab)
      (effects (font (size 1 1) (thickness 0.15)))
    )
    (pad 1 thru_hole circle (at 0 0) (size 5.4 5.4) (drill 2.7) (layers *.Cu *.Mask))
    (pad 1 thru_hole circle (at 2.025 0) (size 0.8 0.8) (drill 0.5) (layers *.Cu *.Mask))
    (pad 1 thru_hole circle (at 1.431891 1.431891) (size 0.8 0.8) (drill 0.5) (layers *.Cu *.Mask))
    (pad 1 thru_hole circle (at 0 2.025) (size 0.8 0.8) (drill 0.5) (layers *.Cu *.Mask))
    (pad 1 thru_hole circle (at -1.431891 1.431891) (size 0.8 0.8) (drill 0.5) (layers *.Cu *.Mask))
    (pad 1 thru_hole circle (at -2.025 0) (size 0.8 0.8) (drill 0.5) (layers *.Cu *.Mask))
    (pad 1 thru_hole circle (at -1.431891 -1.431891) (size 0.8 0.8) (drill 0.5) (layers *.Cu *.Mask))
    (pad 1 thru_hole circle (at 0 -2.025) (size 0.8 0.8) (drill 0.5) (layers *.Cu *.Mask))
    (pad 1 thru_hole circle (at 1.431891 -1.431891) (size 0.8 0.8) (drill 0.5) (layers *.Cu *.Mask))
  )

  (module MountingHole:MountingHole_2.7mm_Pad_Via (layer F.Cu) (tedit 56DDBBFF) (tstamp 60D4BFB4)
    (at 85.5 146)
    (descr "Mounting Hole 2.7mm")
    (tags "mounting hole 2.7mm")
    (attr virtual)
    (fp_text reference REF** (at 2.5 -3.5) (layer F.SilkS)
      (effects (font (size 1 1) (thickness 0.15)))
    )
    (fp_text value MountingHole_2.7mm_Pad_Via (at -16.5 -2) (layer F.Fab)
      (effects (font (size 1 1) (thickness 0.15)))
    )
    (fp_text user %R (at 0.3 0) (layer F.Fab)
      (effects (font (size 1 1) (thickness 0.15)))
    )
    (fp_circle (center 0 0) (end 2.7 0) (layer Cmts.User) (width 0.15))
    (fp_circle (center 0 0) (end 2.95 0) (layer F.CrtYd) (width 0.05))
    (pad 1 thru_hole circle (at 1.431891 -1.431891) (size 0.8 0.8) (drill 0.5) (layers *.Cu *.Mask))
    (pad 1 thru_hole circle (at 0 -2.025) (size 0.8 0.8) (drill 0.5) (layers *.Cu *.Mask))
    (pad 1 thru_hole circle (at -1.431891 -1.431891) (size 0.8 0.8) (drill 0.5) (layers *.Cu *.Mask))
    (pad 1 thru_hole circle (at -2.025 0) (size 0.8 0.8) (drill 0.5) (layers *.Cu *.Mask))
    (pad 1 thru_hole circle (at -1.431891 1.431891) (size 0.8 0.8) (drill 0.5) (layers *.Cu *.Mask))
    (pad 1 thru_hole circle (at 0 2.025) (size 0.8 0.8) (drill 0.5) (layers *.Cu *.Mask))
    (pad 1 thru_hole circle (at 1.431891 1.431891) (size 0.8 0.8) (drill 0.5) (layers *.Cu *.Mask))
    (pad 1 thru_hole circle (at 2.025 0) (size 0.8 0.8) (drill 0.5) (layers *.Cu *.Mask))
    (pad 1 thru_hole circle (at 0 0) (size 5.4 5.4) (drill 2.7) (layers *.Cu *.Mask))
  )

  (module MountingHole:MountingHole_2.5mm (layer F.Cu) (tedit 56D1B4CB) (tstamp 60D4BE29)
    (at 147.5 106)
    (descr "Mounting Hole 2.5mm, no annular")
    (tags "mounting hole 2.5mm no annular")
    (attr virtual)
    (fp_text reference REF** (at 0 -3.5) (layer F.SilkS)
      (effects (font (size 1 1) (thickness 0.15)))
    )
    (fp_text value MountingHole_2.5mm (at 0 3.5) (layer F.Fab)
      (effects (font (size 1 1) (thickness 0.15)))
    )
    (fp_circle (center 0 0) (end 2.5 0) (layer Cmts.User) (width 0.15))
    (fp_circle (center 0 0) (end 2.75 0) (layer F.CrtYd) (width 0.05))
    (fp_text user %R (at 0.3 0) (layer F.Fab)
      (effects (font (size 1 1) (thickness 0.15)))
    )
    (pad 1 np_thru_hole circle (at 0 0) (size 2.5 2.5) (drill 2.5) (layers *.Cu *.Mask))
  )

  (module MountingHole:MountingHole_2.5mm (layer F.Cu) (tedit 56D1B4CB) (tstamp 60D4BE20)
    (at 84.5 106)
    (descr "Mounting Hole 2.5mm, no annular")
    (tags "mounting hole 2.5mm no annular")
    (attr virtual)
    (fp_text reference REF** (at 0 -3.5) (layer F.SilkS)
      (effects (font (size 1 1) (thickness 0.15)))
    )
    (fp_text value MountingHole_2.5mm (at 0 3.5) (layer F.Fab)
      (effects (font (size 1 1) (thickness 0.15)))
    )
    (fp_text user %R (at 0.3 0) (layer F.Fab)
      (effects (font (size 1 1) (thickness 0.15)))
    )
    (fp_circle (center 0 0) (end 2.5 0) (layer Cmts.User) (width 0.15))
    (fp_circle (center 0 0) (end 2.75 0) (layer F.CrtYd) (width 0.05))
    (pad 1 np_thru_hole circle (at 0 0) (size 2.5 2.5) (drill 2.5) (layers *.Cu *.Mask))
  )

  (module Fuse:Fuseholder_TR5_Littelfuse_No560_No460 (layer F.Cu) (tedit 5C39BAE2) (tstamp 60D2F6FE)
    (at 131.064 121.158 90)
    (descr "Fuse, Fuseholder, TR5, Littelfuse/Wickmann, No. 460, No560, https://www.littelfuse.com/~/media/electronics/datasheets/fuse_holders/littelfuse_fuse_holder_559_560_datasheet.pdf.pdf")
    (tags "Fuse Fuseholder TR5 Littelfuse/Wickmann No. 460 No560 ")
    (path /60D7CA77)
    (fp_text reference F4 (at 8.158 -4.318) (layer F.SilkS)
      (effects (font (size 1 1) (thickness 0.15)))
    )
    (fp_text value Fuse_Small (at 2.39 7.43 90) (layer F.Fab)
      (effects (font (size 1 1) (thickness 0.15)))
    )
    (fp_line (start 5.44 3.94) (end 5.31 3.79) (layer F.Fab) (width 0.1))
    (fp_line (start 5.62 4.02) (end 5.44 3.94) (layer F.Fab) (width 0.1))
    (fp_line (start 5.91 4.06) (end 5.62 4.02) (layer F.Fab) (width 0.1))
    (fp_line (start 6.2 3.98) (end 5.91 4.06) (layer F.Fab) (width 0.1))
    (fp_line (start 6.42 3.81) (end 6.2 3.98) (layer F.Fab) (width 0.1))
    (fp_line (start 6.57 3.55) (end 6.42 3.81) (layer F.Fab) (width 0.1))
    (fp_line (start 6.6 3.29) (end 6.57 3.55) (layer F.Fab) (width 0.1))
    (fp_line (start 6.55 3.04) (end 6.6 3.29) (layer F.Fab) (width 0.1))
    (fp_line (start 6.46 2.88) (end 6.55 3.04) (layer F.Fab) (width 0.1))
    (fp_line (start 6.34 2.74) (end 6.46 2.88) (layer F.Fab) (width 0.1))
    (fp_line (start 6.39 2.79) (end 6.51 2.93) (layer F.SilkS) (width 0.12))
    (fp_line (start 6.51 2.93) (end 6.6 3.09) (layer F.SilkS) (width 0.12))
    (fp_line (start 6.6 3.09) (end 6.65 3.34) (layer F.SilkS) (width 0.12))
    (fp_line (start 6.65 3.34) (end 6.62 3.6) (layer F.SilkS) (width 0.12))
    (fp_line (start 6.62 3.6) (end 6.47 3.86) (layer F.SilkS) (width 0.12))
    (fp_line (start 6.47 3.86) (end 6.25 4.03) (layer F.SilkS) (width 0.12))
    (fp_line (start 6.25 4.03) (end 5.96 4.11) (layer F.SilkS) (width 0.12))
    (fp_line (start 5.96 4.11) (end 5.67 4.07) (layer F.SilkS) (width 0.12))
    (fp_line (start 5.67 4.07) (end 5.49 3.99) (layer F.SilkS) (width 0.12))
    (fp_line (start 5.49 3.99) (end 5.36 3.84) (layer F.SilkS) (width 0.12))
    (fp_line (start -2.46 -4.99) (end 7.54 -4.99) (layer F.CrtYd) (width 0.05))
    (fp_line (start -2.46 -4.99) (end -2.46 5.01) (layer F.CrtYd) (width 0.05))
    (fp_line (start 7.54 5.01) (end 7.54 -4.99) (layer F.CrtYd) (width 0.05))
    (fp_line (start 7.54 5.01) (end -2.46 5.01) (layer F.CrtYd) (width 0.05))
    (fp_circle (center 2.55 0) (end 7.25 0) (layer F.Fab) (width 0.1))
    (fp_circle (center 2.54 0.01) (end 7.29 0.01) (layer F.SilkS) (width 0.12))
    (fp_text user %R (at 2.75 -2.75 90) (layer F.Fab)
      (effects (font (size 1 1) (thickness 0.15)))
    )
    (pad 2 thru_hole circle (at 5.08 0.01 90) (size 2 2) (drill 1) (layers *.Cu *.Mask)
      (net 11 "Net-(F4-Pad2)"))
    (pad 1 thru_hole circle (at 0 0 90) (size 2 2) (drill 1) (layers *.Cu *.Mask)
      (net 5 +3V3))
    (model ${KISYS3DMOD}/Fuse.3dshapes/Fuseholder_TR5_Littelfuse_No560_No460.wrl
      (at (xyz 0 0 0))
      (scale (xyz 1 1 1))
      (rotate (xyz 0 0 0))
    )
  )

  (module Resistor_SMD:R_1206_3216Metric (layer F.Cu) (tedit 5B301BBD) (tstamp 60D2F777)
    (at 126.5 126 90)
    (descr "Resistor SMD 1206 (3216 Metric), square (rectangular) end terminal, IPC_7351 nominal, (Body size source: http://www.tortai-tech.com/upload/download/2011102023233369053.pdf), generated with kicad-footprint-generator")
    (tags resistor)
    (path /60D4F5EC)
    (attr smd)
    (fp_text reference R1 (at 0 -1.82 90) (layer F.SilkS)
      (effects (font (size 1 1) (thickness 0.15)))
    )
    (fp_text value 1k (at 0 1.82 90) (layer F.Fab)
      (effects (font (size 1 1) (thickness 0.15)))
    )
    (fp_line (start 2.28 1.12) (end -2.28 1.12) (layer F.CrtYd) (width 0.05))
    (fp_line (start 2.28 -1.12) (end 2.28 1.12) (layer F.CrtYd) (width 0.05))
    (fp_line (start -2.28 -1.12) (end 2.28 -1.12) (layer F.CrtYd) (width 0.05))
    (fp_line (start -2.28 1.12) (end -2.28 -1.12) (layer F.CrtYd) (width 0.05))
    (fp_line (start -0.602064 0.91) (end 0.602064 0.91) (layer F.SilkS) (width 0.12))
    (fp_line (start -0.602064 -0.91) (end 0.602064 -0.91) (layer F.SilkS) (width 0.12))
    (fp_line (start 1.6 0.8) (end -1.6 0.8) (layer F.Fab) (width 0.1))
    (fp_line (start 1.6 -0.8) (end 1.6 0.8) (layer F.Fab) (width 0.1))
    (fp_line (start -1.6 -0.8) (end 1.6 -0.8) (layer F.Fab) (width 0.1))
    (fp_line (start -1.6 0.8) (end -1.6 -0.8) (layer F.Fab) (width 0.1))
    (fp_text user %R (at 0 0 90) (layer F.Fab)
      (effects (font (size 0.8 0.8) (thickness 0.12)))
    )
    (pad 2 smd roundrect (at 1.4 0 90) (size 1.25 1.75) (layers F.Cu F.Paste F.Mask) (roundrect_rratio 0.2)
      (net 2 GND))
    (pad 1 smd roundrect (at -1.4 0 90) (size 1.25 1.75) (layers F.Cu F.Paste F.Mask) (roundrect_rratio 0.2)
      (net 6 "Net-(D1-Pad1)"))
    (model ${KISYS3DMOD}/Resistor_SMD.3dshapes/R_1206_3216Metric.wrl
      (at (xyz 0 0 0))
      (scale (xyz 1 1 1))
      (rotate (xyz 0 0 0))
    )
  )

  (module Capacitor_SMD:C_1206_3216Metric (layer F.Cu) (tedit 5B301BBE) (tstamp 60D2F5DF)
    (at 116.5 143)
    (descr "Capacitor SMD 1206 (3216 Metric), square (rectangular) end terminal, IPC_7351 nominal, (Body size source: http://www.tortai-tech.com/upload/download/2011102023233369053.pdf), generated with kicad-footprint-generator")
    (tags capacitor)
    (path /60D29D28)
    (attr smd)
    (fp_text reference C1 (at 3.686 0.254) (layer F.SilkS)
      (effects (font (size 1 1) (thickness 0.15)))
    )
    (fp_text value 10uF (at -0.996668 1.82) (layer F.Fab)
      (effects (font (size 1 1) (thickness 0.15)))
    )
    (fp_line (start 2.28 1.12) (end -2.28 1.12) (layer F.CrtYd) (width 0.05))
    (fp_line (start 2.28 -1.12) (end 2.28 1.12) (layer F.CrtYd) (width 0.05))
    (fp_line (start -2.28 -1.12) (end 2.28 -1.12) (layer F.CrtYd) (width 0.05))
    (fp_line (start -2.28 1.12) (end -2.28 -1.12) (layer F.CrtYd) (width 0.05))
    (fp_line (start -0.602064 0.91) (end 0.602064 0.91) (layer F.SilkS) (width 0.12))
    (fp_line (start -0.602064 -0.91) (end 0.602064 -0.91) (layer F.SilkS) (width 0.12))
    (fp_line (start 1.6 0.8) (end -1.6 0.8) (layer F.Fab) (width 0.1))
    (fp_line (start 1.6 -0.8) (end 1.6 0.8) (layer F.Fab) (width 0.1))
    (fp_line (start -1.6 -0.8) (end 1.6 -0.8) (layer F.Fab) (width 0.1))
    (fp_line (start -1.6 0.8) (end -1.6 -0.8) (layer F.Fab) (width 0.1))
    (fp_text user %R (at 0 0) (layer F.Fab)
      (effects (font (size 0.8 0.8) (thickness 0.12)))
    )
    (pad 1 smd roundrect (at -1.4 0) (size 1.25 1.75) (layers F.Cu F.Paste F.Mask) (roundrect_rratio 0.2)
      (net 1 "Net-(C1-Pad1)"))
    (pad 2 smd roundrect (at 1.4 0) (size 1.25 1.75) (layers F.Cu F.Paste F.Mask) (roundrect_rratio 0.2)
      (net 2 GND))
    (model ${KISYS3DMOD}/Capacitor_SMD.3dshapes/C_1206_3216Metric.wrl
      (at (xyz 0 0 0))
      (scale (xyz 1 1 1))
      (rotate (xyz 0 0 0))
    )
  )

  (module Capacitor_SMD:C_1206_3216Metric (layer F.Cu) (tedit 5B301BBE) (tstamp 60D2F5F0)
    (at 116.5 125)
    (descr "Capacitor SMD 1206 (3216 Metric), square (rectangular) end terminal, IPC_7351 nominal, (Body size source: http://www.tortai-tech.com/upload/download/2011102023233369053.pdf), generated with kicad-footprint-generator")
    (tags capacitor)
    (path /60D41E2F)
    (attr smd)
    (fp_text reference C2 (at 3.432 0) (layer F.SilkS)
      (effects (font (size 1 1) (thickness 0.15)))
    )
    (fp_text value 10uF (at 0 1.82) (layer F.Fab)
      (effects (font (size 1 1) (thickness 0.15)))
    )
    (fp_line (start 2.28 1.12) (end -2.28 1.12) (layer F.CrtYd) (width 0.05))
    (fp_line (start 2.28 -1.12) (end 2.28 1.12) (layer F.CrtYd) (width 0.05))
    (fp_line (start -2.28 -1.12) (end 2.28 -1.12) (layer F.CrtYd) (width 0.05))
    (fp_line (start -2.28 1.12) (end -2.28 -1.12) (layer F.CrtYd) (width 0.05))
    (fp_line (start -0.602064 0.91) (end 0.602064 0.91) (layer F.SilkS) (width 0.12))
    (fp_line (start -0.602064 -0.91) (end 0.602064 -0.91) (layer F.SilkS) (width 0.12))
    (fp_line (start 1.6 0.8) (end -1.6 0.8) (layer F.Fab) (width 0.1))
    (fp_line (start 1.6 -0.8) (end 1.6 0.8) (layer F.Fab) (width 0.1))
    (fp_line (start -1.6 -0.8) (end 1.6 -0.8) (layer F.Fab) (width 0.1))
    (fp_line (start -1.6 0.8) (end -1.6 -0.8) (layer F.Fab) (width 0.1))
    (fp_text user %R (at 0 0) (layer F.Fab)
      (effects (font (size 0.8 0.8) (thickness 0.12)))
    )
    (pad 1 smd roundrect (at -1.4 0) (size 1.25 1.75) (layers F.Cu F.Paste F.Mask) (roundrect_rratio 0.2)
      (net 3 "Net-(C2-Pad1)"))
    (pad 2 smd roundrect (at 1.4 0) (size 1.25 1.75) (layers F.Cu F.Paste F.Mask) (roundrect_rratio 0.2)
      (net 2 GND))
    (model ${KISYS3DMOD}/Capacitor_SMD.3dshapes/C_1206_3216Metric.wrl
      (at (xyz 0 0 0))
      (scale (xyz 1 1 1))
      (rotate (xyz 0 0 0))
    )
  )

  (module Capacitor_SMD:C_1206_3216Metric (layer F.Cu) (tedit 5B301BBE) (tstamp 60D2F601)
    (at 124.5 136.014 270)
    (descr "Capacitor SMD 1206 (3216 Metric), square (rectangular) end terminal, IPC_7351 nominal, (Body size source: http://www.tortai-tech.com/upload/download/2011102023233369053.pdf), generated with kicad-footprint-generator")
    (tags capacitor)
    (path /60D234CB)
    (attr smd)
    (fp_text reference C3 (at -3.426 0) (layer F.SilkS)
      (effects (font (size 1 1) (thickness 0.15)))
    )
    (fp_text value 100nF (at 0 1.82 90) (layer F.Fab)
      (effects (font (size 1 1) (thickness 0.15)))
    )
    (fp_line (start -1.6 0.8) (end -1.6 -0.8) (layer F.Fab) (width 0.1))
    (fp_line (start -1.6 -0.8) (end 1.6 -0.8) (layer F.Fab) (width 0.1))
    (fp_line (start 1.6 -0.8) (end 1.6 0.8) (layer F.Fab) (width 0.1))
    (fp_line (start 1.6 0.8) (end -1.6 0.8) (layer F.Fab) (width 0.1))
    (fp_line (start -0.602064 -0.91) (end 0.602064 -0.91) (layer F.SilkS) (width 0.12))
    (fp_line (start -0.602064 0.91) (end 0.602064 0.91) (layer F.SilkS) (width 0.12))
    (fp_line (start -2.28 1.12) (end -2.28 -1.12) (layer F.CrtYd) (width 0.05))
    (fp_line (start -2.28 -1.12) (end 2.28 -1.12) (layer F.CrtYd) (width 0.05))
    (fp_line (start 2.28 -1.12) (end 2.28 1.12) (layer F.CrtYd) (width 0.05))
    (fp_line (start 2.28 1.12) (end -2.28 1.12) (layer F.CrtYd) (width 0.05))
    (fp_text user %R (at 0 0 90) (layer F.Fab)
      (effects (font (size 0.8 0.8) (thickness 0.12)))
    )
    (pad 2 smd roundrect (at 1.4 0 270) (size 1.25 1.75) (layers F.Cu F.Paste F.Mask) (roundrect_rratio 0.2)
      (net 2 GND))
    (pad 1 smd roundrect (at -1.4 0 270) (size 1.25 1.75) (layers F.Cu F.Paste F.Mask) (roundrect_rratio 0.2)
      (net 1 "Net-(C1-Pad1)"))
    (model ${KISYS3DMOD}/Capacitor_SMD.3dshapes/C_1206_3216Metric.wrl
      (at (xyz 0 0 0))
      (scale (xyz 1 1 1))
      (rotate (xyz 0 0 0))
    )
  )

  (module Capacitor_SMD:C_1206_3216Metric (layer F.Cu) (tedit 5B301BBE) (tstamp 60D3052A)
    (at 110.5 117.6 90)
    (descr "Capacitor SMD 1206 (3216 Metric), square (rectangular) end terminal, IPC_7351 nominal, (Body size source: http://www.tortai-tech.com/upload/download/2011102023233369053.pdf), generated with kicad-footprint-generator")
    (tags capacitor)
    (path /60D41E23)
    (attr smd)
    (fp_text reference C4 (at 3.934 0 90) (layer F.SilkS)
      (effects (font (size 1 1) (thickness 0.15)))
    )
    (fp_text value 100nF (at 0 1.82 90) (layer F.Fab)
      (effects (font (size 1 1) (thickness 0.15)))
    )
    (fp_line (start -1.6 0.8) (end -1.6 -0.8) (layer F.Fab) (width 0.1))
    (fp_line (start -1.6 -0.8) (end 1.6 -0.8) (layer F.Fab) (width 0.1))
    (fp_line (start 1.6 -0.8) (end 1.6 0.8) (layer F.Fab) (width 0.1))
    (fp_line (start 1.6 0.8) (end -1.6 0.8) (layer F.Fab) (width 0.1))
    (fp_line (start -0.602064 -0.91) (end 0.602064 -0.91) (layer F.SilkS) (width 0.12))
    (fp_line (start -0.602064 0.91) (end 0.602064 0.91) (layer F.SilkS) (width 0.12))
    (fp_line (start -2.28 1.12) (end -2.28 -1.12) (layer F.CrtYd) (width 0.05))
    (fp_line (start -2.28 -1.12) (end 2.28 -1.12) (layer F.CrtYd) (width 0.05))
    (fp_line (start 2.28 -1.12) (end 2.28 1.12) (layer F.CrtYd) (width 0.05))
    (fp_line (start 2.28 1.12) (end -2.28 1.12) (layer F.CrtYd) (width 0.05))
    (fp_text user %R (at 0 0 90) (layer F.Fab)
      (effects (font (size 0.8 0.8) (thickness 0.12)))
    )
    (pad 2 smd roundrect (at 1.4 0 90) (size 1.25 1.75) (layers F.Cu F.Paste F.Mask) (roundrect_rratio 0.2)
      (net 2 GND))
    (pad 1 smd roundrect (at -1.4 0 90) (size 1.25 1.75) (layers F.Cu F.Paste F.Mask) (roundrect_rratio 0.2)
      (net 3 "Net-(C2-Pad1)"))
    (model ${KISYS3DMOD}/Capacitor_SMD.3dshapes/C_1206_3216Metric.wrl
      (at (xyz 0 0 0))
      (scale (xyz 1 1 1))
      (rotate (xyz 0 0 0))
    )
  )

  (module Capacitor_SMD:C_1206_3216Metric (layer F.Cu) (tedit 5B301BBE) (tstamp 60D2F623)
    (at 116.5 130.556)
    (descr "Capacitor SMD 1206 (3216 Metric), square (rectangular) end terminal, IPC_7351 nominal, (Body size source: http://www.tortai-tech.com/upload/download/2011102023233369053.pdf), generated with kicad-footprint-generator")
    (tags capacitor)
    (path /60D2C0E5)
    (attr smd)
    (fp_text reference C5 (at 3.302 0) (layer F.SilkS)
      (effects (font (size 1 1) (thickness 0.15)))
    )
    (fp_text value 10nF (at -4.064 0.254) (layer F.Fab)
      (effects (font (size 1 1) (thickness 0.15)))
    )
    (fp_line (start -1.6 0.8) (end -1.6 -0.8) (layer F.Fab) (width 0.1))
    (fp_line (start -1.6 -0.8) (end 1.6 -0.8) (layer F.Fab) (width 0.1))
    (fp_line (start 1.6 -0.8) (end 1.6 0.8) (layer F.Fab) (width 0.1))
    (fp_line (start 1.6 0.8) (end -1.6 0.8) (layer F.Fab) (width 0.1))
    (fp_line (start -0.602064 -0.91) (end 0.602064 -0.91) (layer F.SilkS) (width 0.12))
    (fp_line (start -0.602064 0.91) (end 0.602064 0.91) (layer F.SilkS) (width 0.12))
    (fp_line (start -2.28 1.12) (end -2.28 -1.12) (layer F.CrtYd) (width 0.05))
    (fp_line (start -2.28 -1.12) (end 2.28 -1.12) (layer F.CrtYd) (width 0.05))
    (fp_line (start 2.28 -1.12) (end 2.28 1.12) (layer F.CrtYd) (width 0.05))
    (fp_line (start 2.28 1.12) (end -2.28 1.12) (layer F.CrtYd) (width 0.05))
    (fp_text user %R (at 0 0) (layer F.Fab)
      (effects (font (size 0.8 0.8) (thickness 0.12)))
    )
    (pad 2 smd roundrect (at 1.4 0) (size 1.25 1.75) (layers F.Cu F.Paste F.Mask) (roundrect_rratio 0.2)
      (net 4 +5V))
    (pad 1 smd roundrect (at -1.4 0) (size 1.25 1.75) (layers F.Cu F.Paste F.Mask) (roundrect_rratio 0.2)
      (net 2 GND))
    (model ${KISYS3DMOD}/Capacitor_SMD.3dshapes/C_1206_3216Metric.wrl
      (at (xyz 0 0 0))
      (scale (xyz 1 1 1))
      (rotate (xyz 0 0 0))
    )
  )

  (module Capacitor_SMD:C_1206_3216Metric (layer F.Cu) (tedit 5B301BBE) (tstamp 60D2F634)
    (at 124 117.6 90)
    (descr "Capacitor SMD 1206 (3216 Metric), square (rectangular) end terminal, IPC_7351 nominal, (Body size source: http://www.tortai-tech.com/upload/download/2011102023233369053.pdf), generated with kicad-footprint-generator")
    (tags capacitor)
    (path /60D41E3B)
    (attr smd)
    (fp_text reference C6 (at 3.81 0 90) (layer F.SilkS)
      (effects (font (size 1 1) (thickness 0.15)))
    )
    (fp_text value 10nF (at 0 1.82 90) (layer F.Fab)
      (effects (font (size 1 1) (thickness 0.15)))
    )
    (fp_line (start -1.6 0.8) (end -1.6 -0.8) (layer F.Fab) (width 0.1))
    (fp_line (start -1.6 -0.8) (end 1.6 -0.8) (layer F.Fab) (width 0.1))
    (fp_line (start 1.6 -0.8) (end 1.6 0.8) (layer F.Fab) (width 0.1))
    (fp_line (start 1.6 0.8) (end -1.6 0.8) (layer F.Fab) (width 0.1))
    (fp_line (start -0.602064 -0.91) (end 0.602064 -0.91) (layer F.SilkS) (width 0.12))
    (fp_line (start -0.602064 0.91) (end 0.602064 0.91) (layer F.SilkS) (width 0.12))
    (fp_line (start -2.28 1.12) (end -2.28 -1.12) (layer F.CrtYd) (width 0.05))
    (fp_line (start -2.28 -1.12) (end 2.28 -1.12) (layer F.CrtYd) (width 0.05))
    (fp_line (start 2.28 -1.12) (end 2.28 1.12) (layer F.CrtYd) (width 0.05))
    (fp_line (start 2.28 1.12) (end -2.28 1.12) (layer F.CrtYd) (width 0.05))
    (fp_text user %R (at 1.464048 0 90) (layer F.Fab)
      (effects (font (size 0.8 0.8) (thickness 0.12)))
    )
    (pad 2 smd roundrect (at 1.4 0 90) (size 1.25 1.75) (layers F.Cu F.Paste F.Mask) (roundrect_rratio 0.2)
      (net 5 +3V3))
    (pad 1 smd roundrect (at -1.4 0 90) (size 1.25 1.75) (layers F.Cu F.Paste F.Mask) (roundrect_rratio 0.2)
      (net 2 GND))
    (model ${KISYS3DMOD}/Capacitor_SMD.3dshapes/C_1206_3216Metric.wrl
      (at (xyz 0 0 0))
      (scale (xyz 1 1 1))
      (rotate (xyz 0 0 0))
    )
  )

  (module Capacitor_SMD:C_1206_3216Metric (layer F.Cu) (tedit 5B301BBE) (tstamp 60D2F645)
    (at 110.744 136.014 270)
    (descr "Capacitor SMD 1206 (3216 Metric), square (rectangular) end terminal, IPC_7351 nominal, (Body size source: http://www.tortai-tech.com/upload/download/2011102023233369053.pdf), generated with kicad-footprint-generator")
    (tags capacitor)
    (path /60D2D4EE)
    (attr smd)
    (fp_text reference C7 (at -3.178 0) (layer F.SilkS)
      (effects (font (size 1 1) (thickness 0.15)))
    )
    (fp_text value 0.1uF (at 0 1.82 90) (layer F.Fab)
      (effects (font (size 1 1) (thickness 0.15)))
    )
    (fp_line (start 2.28 1.12) (end -2.28 1.12) (layer F.CrtYd) (width 0.05))
    (fp_line (start 2.28 -1.12) (end 2.28 1.12) (layer F.CrtYd) (width 0.05))
    (fp_line (start -2.28 -1.12) (end 2.28 -1.12) (layer F.CrtYd) (width 0.05))
    (fp_line (start -2.28 1.12) (end -2.28 -1.12) (layer F.CrtYd) (width 0.05))
    (fp_line (start -0.602064 0.91) (end 0.602064 0.91) (layer F.SilkS) (width 0.12))
    (fp_line (start -0.602064 -0.91) (end 0.602064 -0.91) (layer F.SilkS) (width 0.12))
    (fp_line (start 1.6 0.8) (end -1.6 0.8) (layer F.Fab) (width 0.1))
    (fp_line (start 1.6 -0.8) (end 1.6 0.8) (layer F.Fab) (width 0.1))
    (fp_line (start -1.6 -0.8) (end 1.6 -0.8) (layer F.Fab) (width 0.1))
    (fp_line (start -1.6 0.8) (end -1.6 -0.8) (layer F.Fab) (width 0.1))
    (fp_text user %R (at 0 0 90) (layer F.Fab)
      (effects (font (size 0.8 0.8) (thickness 0.12)))
    )
    (pad 1 smd roundrect (at -1.4 0 270) (size 1.25 1.75) (layers F.Cu F.Paste F.Mask) (roundrect_rratio 0.2)
      (net 2 GND))
    (pad 2 smd roundrect (at 1.4 0 270) (size 1.25 1.75) (layers F.Cu F.Paste F.Mask) (roundrect_rratio 0.2)
      (net 4 +5V))
    (model ${KISYS3DMOD}/Capacitor_SMD.3dshapes/C_1206_3216Metric.wrl
      (at (xyz 0 0 0))
      (scale (xyz 1 1 1))
      (rotate (xyz 0 0 0))
    )
  )

  (module Capacitor_SMD:C_1206_3216Metric (layer F.Cu) (tedit 5B301BBE) (tstamp 60D2F656)
    (at 143.5 110)
    (descr "Capacitor SMD 1206 (3216 Metric), square (rectangular) end terminal, IPC_7351 nominal, (Body size source: http://www.tortai-tech.com/upload/download/2011102023233369053.pdf), generated with kicad-footprint-generator")
    (tags capacitor)
    (path /60D41E41)
    (attr smd)
    (fp_text reference C8 (at 3.5 0) (layer F.SilkS)
      (effects (font (size 1 1) (thickness 0.15)))
    )
    (fp_text value 0.1uF (at 0 1.82) (layer F.Fab)
      (effects (font (size 1 1) (thickness 0.15)))
    )
    (fp_line (start 2.28 1.12) (end -2.28 1.12) (layer F.CrtYd) (width 0.05))
    (fp_line (start 2.28 -1.12) (end 2.28 1.12) (layer F.CrtYd) (width 0.05))
    (fp_line (start -2.28 -1.12) (end 2.28 -1.12) (layer F.CrtYd) (width 0.05))
    (fp_line (start -2.28 1.12) (end -2.28 -1.12) (layer F.CrtYd) (width 0.05))
    (fp_line (start -0.602064 0.91) (end 0.602064 0.91) (layer F.SilkS) (width 0.12))
    (fp_line (start -0.602064 -0.91) (end 0.602064 -0.91) (layer F.SilkS) (width 0.12))
    (fp_line (start 1.6 0.8) (end -1.6 0.8) (layer F.Fab) (width 0.1))
    (fp_line (start 1.6 -0.8) (end 1.6 0.8) (layer F.Fab) (width 0.1))
    (fp_line (start -1.6 -0.8) (end 1.6 -0.8) (layer F.Fab) (width 0.1))
    (fp_line (start -1.6 0.8) (end -1.6 -0.8) (layer F.Fab) (width 0.1))
    (fp_text user %R (at 0 0) (layer F.Fab)
      (effects (font (size 0.8 0.8) (thickness 0.12)))
    )
    (pad 1 smd roundrect (at -1.4 0) (size 1.25 1.75) (layers F.Cu F.Paste F.Mask) (roundrect_rratio 0.2)
      (net 2 GND))
    (pad 2 smd roundrect (at 1.4 0) (size 1.25 1.75) (layers F.Cu F.Paste F.Mask) (roundrect_rratio 0.2)
      (net 5 +3V3))
    (model ${KISYS3DMOD}/Capacitor_SMD.3dshapes/C_1206_3216Metric.wrl
      (at (xyz 0 0 0))
      (scale (xyz 1 1 1))
      (rotate (xyz 0 0 0))
    )
  )

  (module LED_THT:LED_D5.0mm (layer F.Cu) (tedit 5995936A) (tstamp 60D2F668)
    (at 131.5 127.5)
    (descr "LED, diameter 5.0mm, 2 pins, http://cdn-reichelt.de/documents/datenblatt/A500/LL-504BC2E-009.pdf")
    (tags "LED diameter 5.0mm 2 pins")
    (path /60D4C7A8)
    (fp_text reference D1 (at 1.27 -3.96) (layer F.SilkS)
      (effects (font (size 1 1) (thickness 0.15)))
    )
    (fp_text value LED_Small (at 1.27 3.96) (layer F.Fab)
      (effects (font (size 1 1) (thickness 0.15)))
    )
    (fp_line (start 4.5 -3.25) (end -1.95 -3.25) (layer F.CrtYd) (width 0.05))
    (fp_line (start 4.5 3.25) (end 4.5 -3.25) (layer F.CrtYd) (width 0.05))
    (fp_line (start -1.95 3.25) (end 4.5 3.25) (layer F.CrtYd) (width 0.05))
    (fp_line (start -1.95 -3.25) (end -1.95 3.25) (layer F.CrtYd) (width 0.05))
    (fp_line (start -1.29 -1.545) (end -1.29 1.545) (layer F.SilkS) (width 0.12))
    (fp_line (start -1.23 -1.469694) (end -1.23 1.469694) (layer F.Fab) (width 0.1))
    (fp_circle (center 1.27 0) (end 3.77 0) (layer F.SilkS) (width 0.12))
    (fp_circle (center 1.27 0) (end 3.77 0) (layer F.Fab) (width 0.1))
    (fp_arc (start 1.27 0) (end -1.23 -1.469694) (angle 299.1) (layer F.Fab) (width 0.1))
    (fp_arc (start 1.27 0) (end -1.29 -1.54483) (angle 148.9) (layer F.SilkS) (width 0.12))
    (fp_arc (start 1.27 0) (end -1.29 1.54483) (angle -148.9) (layer F.SilkS) (width 0.12))
    (fp_text user %R (at 1.25 0) (layer F.Fab)
      (effects (font (size 0.8 0.8) (thickness 0.2)))
    )
    (pad 1 thru_hole rect (at 0 0) (size 1.8 1.8) (drill 0.9) (layers *.Cu *.Mask)
      (net 6 "Net-(D1-Pad1)"))
    (pad 2 thru_hole circle (at 2.54 0) (size 1.8 1.8) (drill 0.9) (layers *.Cu *.Mask)
      (net 14 "Net-(D1-Pad2)"))
    (model ${KISYS3DMOD}/LED_THT.3dshapes/LED_D5.0mm.wrl
      (at (xyz 0 0 0))
      (scale (xyz 1 1 1))
      (rotate (xyz 0 0 0))
    )
  )

  (module Fuse:Fuseholder_TR5_Littelfuse_No560_No460 (layer F.Cu) (tedit 5C39BAE2) (tstamp 60D2F69B)
    (at 101.082 137.404)
    (descr "Fuse, Fuseholder, TR5, Littelfuse/Wickmann, No. 460, No560, https://www.littelfuse.com/~/media/electronics/datasheets/fuse_holders/littelfuse_fuse_holder_559_560_datasheet.pdf.pdf")
    (tags "Fuse Fuseholder TR5 Littelfuse/Wickmann No. 460 No560 ")
    (path /60D6252A)
    (fp_text reference F1 (at 2.418 -5.904) (layer F.SilkS)
      (effects (font (size 1 1) (thickness 0.15)))
    )
    (fp_text value Fuse_Small (at 2.39 7.43) (layer F.Fab)
      (effects (font (size 1 1) (thickness 0.15)))
    )
    (fp_line (start 5.44 3.94) (end 5.31 3.79) (layer F.Fab) (width 0.1))
    (fp_line (start 5.62 4.02) (end 5.44 3.94) (layer F.Fab) (width 0.1))
    (fp_line (start 5.91 4.06) (end 5.62 4.02) (layer F.Fab) (width 0.1))
    (fp_line (start 6.2 3.98) (end 5.91 4.06) (layer F.Fab) (width 0.1))
    (fp_line (start 6.42 3.81) (end 6.2 3.98) (layer F.Fab) (width 0.1))
    (fp_line (start 6.57 3.55) (end 6.42 3.81) (layer F.Fab) (width 0.1))
    (fp_line (start 6.6 3.29) (end 6.57 3.55) (layer F.Fab) (width 0.1))
    (fp_line (start 6.55 3.04) (end 6.6 3.29) (layer F.Fab) (width 0.1))
    (fp_line (start 6.46 2.88) (end 6.55 3.04) (layer F.Fab) (width 0.1))
    (fp_line (start 6.34 2.74) (end 6.46 2.88) (layer F.Fab) (width 0.1))
    (fp_line (start 6.39 2.79) (end 6.51 2.93) (layer F.SilkS) (width 0.12))
    (fp_line (start 6.51 2.93) (end 6.6 3.09) (layer F.SilkS) (width 0.12))
    (fp_line (start 6.6 3.09) (end 6.65 3.34) (layer F.SilkS) (width 0.12))
    (fp_line (start 6.65 3.34) (end 6.62 3.6) (layer F.SilkS) (width 0.12))
    (fp_line (start 6.62 3.6) (end 6.47 3.86) (layer F.SilkS) (width 0.12))
    (fp_line (start 6.47 3.86) (end 6.25 4.03) (layer F.SilkS) (width 0.12))
    (fp_line (start 6.25 4.03) (end 5.96 4.11) (layer F.SilkS) (width 0.12))
    (fp_line (start 5.96 4.11) (end 5.67 4.07) (layer F.SilkS) (width 0.12))
    (fp_line (start 5.67 4.07) (end 5.49 3.99) (layer F.SilkS) (width 0.12))
    (fp_line (start 5.49 3.99) (end 5.36 3.84) (layer F.SilkS) (width 0.12))
    (fp_line (start -2.46 -4.99) (end 7.54 -4.99) (layer F.CrtYd) (width 0.05))
    (fp_line (start -2.46 -4.99) (end -2.46 5.01) (layer F.CrtYd) (width 0.05))
    (fp_line (start 7.54 5.01) (end 7.54 -4.99) (layer F.CrtYd) (width 0.05))
    (fp_line (start 7.54 5.01) (end -2.46 5.01) (layer F.CrtYd) (width 0.05))
    (fp_circle (center 2.55 0) (end 7.25 0) (layer F.Fab) (width 0.1))
    (fp_circle (center 2.54 0.01) (end 7.29 0.01) (layer F.SilkS) (width 0.12))
    (fp_text user %R (at 2.75 -2.75) (layer F.Fab)
      (effects (font (size 1 1) (thickness 0.15)))
    )
    (pad 2 thru_hole circle (at 5.08 0.01) (size 2 2) (drill 1) (layers *.Cu *.Mask)
      (net 1 "Net-(C1-Pad1)"))
    (pad 1 thru_hole circle (at 0 0) (size 2 2) (drill 1) (layers *.Cu *.Mask)
      (net 8 "Net-(F1-Pad1)"))
    (model ${KISYS3DMOD}/Fuse.3dshapes/Fuseholder_TR5_Littelfuse_No560_No460.wrl
      (at (xyz 0 0 0))
      (scale (xyz 1 1 1))
      (rotate (xyz 0 0 0))
    )
  )

  (module Fuse:Fuseholder_TR5_Littelfuse_No560_No460 (layer F.Cu) (tedit 5C39BAE2) (tstamp 60D2F6BC)
    (at 103.632 116.078 270)
    (descr "Fuse, Fuseholder, TR5, Littelfuse/Wickmann, No. 460, No560, https://www.littelfuse.com/~/media/electronics/datasheets/fuse_holders/littelfuse_fuse_holder_559_560_datasheet.pdf.pdf")
    (tags "Fuse Fuseholder TR5 Littelfuse/Wickmann No. 460 No560 ")
    (path /60D5D40B)
    (fp_text reference F2 (at -4.572 0 180) (layer F.SilkS)
      (effects (font (size 1 1) (thickness 0.15)))
    )
    (fp_text value Fuse_Small (at 2.39 7.43 90) (layer F.Fab)
      (effects (font (size 1 1) (thickness 0.15)))
    )
    (fp_circle (center 2.54 0.01) (end 7.29 0.01) (layer F.SilkS) (width 0.12))
    (fp_circle (center 2.55 0) (end 7.25 0) (layer F.Fab) (width 0.1))
    (fp_line (start 7.54 5.01) (end -2.46 5.01) (layer F.CrtYd) (width 0.05))
    (fp_line (start 7.54 5.01) (end 7.54 -4.99) (layer F.CrtYd) (width 0.05))
    (fp_line (start -2.46 -4.99) (end -2.46 5.01) (layer F.CrtYd) (width 0.05))
    (fp_line (start -2.46 -4.99) (end 7.54 -4.99) (layer F.CrtYd) (width 0.05))
    (fp_line (start 5.49 3.99) (end 5.36 3.84) (layer F.SilkS) (width 0.12))
    (fp_line (start 5.67 4.07) (end 5.49 3.99) (layer F.SilkS) (width 0.12))
    (fp_line (start 5.96 4.11) (end 5.67 4.07) (layer F.SilkS) (width 0.12))
    (fp_line (start 6.25 4.03) (end 5.96 4.11) (layer F.SilkS) (width 0.12))
    (fp_line (start 6.47 3.86) (end 6.25 4.03) (layer F.SilkS) (width 0.12))
    (fp_line (start 6.62 3.6) (end 6.47 3.86) (layer F.SilkS) (width 0.12))
    (fp_line (start 6.65 3.34) (end 6.62 3.6) (layer F.SilkS) (width 0.12))
    (fp_line (start 6.6 3.09) (end 6.65 3.34) (layer F.SilkS) (width 0.12))
    (fp_line (start 6.51 2.93) (end 6.6 3.09) (layer F.SilkS) (width 0.12))
    (fp_line (start 6.39 2.79) (end 6.51 2.93) (layer F.SilkS) (width 0.12))
    (fp_line (start 6.34 2.74) (end 6.46 2.88) (layer F.Fab) (width 0.1))
    (fp_line (start 6.46 2.88) (end 6.55 3.04) (layer F.Fab) (width 0.1))
    (fp_line (start 6.55 3.04) (end 6.6 3.29) (layer F.Fab) (width 0.1))
    (fp_line (start 6.6 3.29) (end 6.57 3.55) (layer F.Fab) (width 0.1))
    (fp_line (start 6.57 3.55) (end 6.42 3.81) (layer F.Fab) (width 0.1))
    (fp_line (start 6.42 3.81) (end 6.2 3.98) (layer F.Fab) (width 0.1))
    (fp_line (start 6.2 3.98) (end 5.91 4.06) (layer F.Fab) (width 0.1))
    (fp_line (start 5.91 4.06) (end 5.62 4.02) (layer F.Fab) (width 0.1))
    (fp_line (start 5.62 4.02) (end 5.44 3.94) (layer F.Fab) (width 0.1))
    (fp_line (start 5.44 3.94) (end 5.31 3.79) (layer F.Fab) (width 0.1))
    (fp_text user %R (at 2.75 -2.75 90) (layer F.Fab)
      (effects (font (size 1 1) (thickness 0.15)))
    )
    (pad 1 thru_hole circle (at 0 0 270) (size 2 2) (drill 1) (layers *.Cu *.Mask)
      (net 9 "Net-(F2-Pad1)"))
    (pad 2 thru_hole circle (at 5.08 0.01 270) (size 2 2) (drill 1) (layers *.Cu *.Mask)
      (net 3 "Net-(C2-Pad1)"))
    (model ${KISYS3DMOD}/Fuse.3dshapes/Fuseholder_TR5_Littelfuse_No560_No460.wrl
      (at (xyz 0 0 0))
      (scale (xyz 1 1 1))
      (rotate (xyz 0 0 0))
    )
  )

  (module Fuse:Fuseholder_TR5_Littelfuse_No560_No460 (layer F.Cu) (tedit 5C39BAE2) (tstamp 60D2F6DD)
    (at 131.064 139.954 90)
    (descr "Fuse, Fuseholder, TR5, Littelfuse/Wickmann, No. 460, No560, https://www.littelfuse.com/~/media/electronics/datasheets/fuse_holders/littelfuse_fuse_holder_559_560_datasheet.pdf.pdf")
    (tags "Fuse Fuseholder TR5 Littelfuse/Wickmann No. 460 No560 ")
    (path /60D6E0D7)
    (fp_text reference F3 (at -3.556 1.016) (layer F.SilkS)
      (effects (font (size 1 1) (thickness 0.15)))
    )
    (fp_text value Fuse_Small (at 2.39 7.43 90) (layer F.Fab)
      (effects (font (size 1 1) (thickness 0.15)))
    )
    (fp_circle (center 2.54 0.01) (end 7.29 0.01) (layer F.SilkS) (width 0.12))
    (fp_circle (center 2.55 0) (end 7.25 0) (layer F.Fab) (width 0.1))
    (fp_line (start 7.54 5.01) (end -2.46 5.01) (layer F.CrtYd) (width 0.05))
    (fp_line (start 7.54 5.01) (end 7.54 -4.99) (layer F.CrtYd) (width 0.05))
    (fp_line (start -2.46 -4.99) (end -2.46 5.01) (layer F.CrtYd) (width 0.05))
    (fp_line (start -2.46 -4.99) (end 7.54 -4.99) (layer F.CrtYd) (width 0.05))
    (fp_line (start 5.49 3.99) (end 5.36 3.84) (layer F.SilkS) (width 0.12))
    (fp_line (start 5.67 4.07) (end 5.49 3.99) (layer F.SilkS) (width 0.12))
    (fp_line (start 5.96 4.11) (end 5.67 4.07) (layer F.SilkS) (width 0.12))
    (fp_line (start 6.25 4.03) (end 5.96 4.11) (layer F.SilkS) (width 0.12))
    (fp_line (start 6.47 3.86) (end 6.25 4.03) (layer F.SilkS) (width 0.12))
    (fp_line (start 6.62 3.6) (end 6.47 3.86) (layer F.SilkS) (width 0.12))
    (fp_line (start 6.65 3.34) (end 6.62 3.6) (layer F.SilkS) (width 0.12))
    (fp_line (start 6.6 3.09) (end 6.65 3.34) (layer F.SilkS) (width 0.12))
    (fp_line (start 6.51 2.93) (end 6.6 3.09) (layer F.SilkS) (width 0.12))
    (fp_line (start 6.39 2.79) (end 6.51 2.93) (layer F.SilkS) (width 0.12))
    (fp_line (start 6.34 2.74) (end 6.46 2.88) (layer F.Fab) (width 0.1))
    (fp_line (start 6.46 2.88) (end 6.55 3.04) (layer F.Fab) (width 0.1))
    (fp_line (start 6.55 3.04) (end 6.6 3.29) (layer F.Fab) (width 0.1))
    (fp_line (start 6.6 3.29) (end 6.57 3.55) (layer F.Fab) (width 0.1))
    (fp_line (start 6.57 3.55) (end 6.42 3.81) (layer F.Fab) (width 0.1))
    (fp_line (start 6.42 3.81) (end 6.2 3.98) (layer F.Fab) (width 0.1))
    (fp_line (start 6.2 3.98) (end 5.91 4.06) (layer F.Fab) (width 0.1))
    (fp_line (start 5.91 4.06) (end 5.62 4.02) (layer F.Fab) (width 0.1))
    (fp_line (start 5.62 4.02) (end 5.44 3.94) (layer F.Fab) (width 0.1))
    (fp_line (start 5.44 3.94) (end 5.31 3.79) (layer F.Fab) (width 0.1))
    (fp_text user %R (at 2.75 -2.75 90) (layer F.Fab)
      (effects (font (size 1 1) (thickness 0.15)))
    )
    (pad 1 thru_hole circle (at 0 0 90) (size 2 2) (drill 1) (layers *.Cu *.Mask)
      (net 4 +5V))
    (pad 2 thru_hole circle (at 5.08 0.01 90) (size 2 2) (drill 1) (layers *.Cu *.Mask)
      (net 10 "Net-(F3-Pad2)"))
    (model ${KISYS3DMOD}/Fuse.3dshapes/Fuseholder_TR5_Littelfuse_No560_No460.wrl
      (at (xyz 0 0 0))
      (scale (xyz 1 1 1))
      (rotate (xyz 0 0 0))
    )
  )

  (module TerminalBlock_Altech:Altech_AK300_1x02_P5.00mm_45-Degree (layer F.Cu) (tedit 5C27907F) (tstamp 60D2F718)
    (at 90.678 116.443 270)
